0 1
1 0.925906
2 0.855072
3 0.787679
4 0.718262
5 0.654771
6 0.596653
7 0.539608
8 0.487484
9 0.438712
10 0.392383
11 0.351336
12 0.317035
13 0.287153
14 0.25922
15 0.239156
16 0.221081
17 0.20396
18 0.187513
19 0.169721
20 0.155646
21 0.141875
22 0.128808
23 0.113394
24 0.0979913
25 0.0847802
26 0.0687457
27 0.0478469
28 0.0281503
29 0.0138067
30 0.00440424
31 -0.00164357
32 -0.00842185
33 -0.0188767
34 -0.0299264
35 -0.0394361
36 -0.0470133
37 -0.0504863
38 -0.0498647
39 -0.0478454
40 -0.0472535
41 -0.0428562
42 -0.0357431
43 -0.0338555
44 -0.0320426
45 -0.0282941
46 -0.0249259
47 -0.0228469
48 -0.0254678
49 -0.0315596
50 -0.0360312
51 -0.0396011
52 -0.0488293
53 -0.0573366
54 -0.0649588
55 -0.0705184
56 -0.0747551
57 -0.078979
58 -0.0856963
59 -0.0910689
60 -0.0950141
61 -0.101404
62 -0.105976
63 -0.108104
64 -0.11135
65 -0.114951
66 -0.12101
67 -0.125691
68 -0.130517
69 -0.138088
70 -0.142801
71 -0.149318
72 -0.153847
73 -0.158652
74 -0.166363
75 -0.172546
76 -0.177498
77 -0.179232
78 -0.180916
79 -0.185288
80 -0.187633
81 -0.188486
82 -0.190164
83 -0.189068
84 -0.186552
85 -0.181914
86 -0.174991
87 -0.170262
88 -0.167179
89 -0.164811
90 -0.167081
91 -0.172101
92 -0.175639
93 -0.177055
94 -0.17913
95 -0.181019
96 -0.183452
97 -0.186638
98 -0.187657
99 -0.187951
100 -0.186864
