0 1
1 0.995787
2 0.991722
3 0.987845
4 0.984097
5 0.980423
6 0.976929
7 0.973672
8 0.9707
9 0.967785
10 0.965033
11 0.962342
12 0.959678
13 0.957056
14 0.954497
15 0.952027
16 0.949578
17 0.947084
18 0.944774
19 0.942452
20 0.940164
21 0.937967
22 0.93585
23 0.933795
24 0.931769
25 0.929792
26 0.927905
27 0.926058
28 0.924314
29 0.922559
30 0.920827
31 0.919215
32 0.917621
33 0.916043
34 0.914574
35 0.913161
36 0.911753
37 0.910449
38 0.909085
39 0.907758
40 0.90643
41 0.905133
42 0.904008
43 0.902912
44 0.901788
45 0.900743
46 0.899704
47 0.89861
48 0.897521
49 0.89654
50 0.895576
51 0.89463
52 0.893683
53 0.892794
54 0.891929
55 0.891139
56 0.890399
57 0.889551
58 0.888781
59 0.88801
60 0.887236
61 0.88641
62 0.885553
63 0.884761
64 0.884101
65 0.883327
66 0.882469
67 0.881683
68 0.880863
69 0.879925
70 0.8791
71 0.878314
72 0.8776
73 0.876979
74 0.876357
75 0.875679
76 0.87494
77 0.874282
78 0.873512
79 0.872822
80 0.872137
81 0.871448
82 0.870674
83 0.869961
84 0.8692
85 0.868397
86 0.867549
87 0.86688
88 0.86622
89 0.865625
90 0.86509
91 0.864654
92 0.864225
93 0.86368
94 0.86309
95 0.862521
96 0.861957
97 0.861367
98 0.860861
99 0.860324
100 0.859734
