0 1
1 0.537069
2 0.00648862
3 -0.161215
4 -0.0645246
5 0.0347614
6 0.00274804
7 0.0164741
8 -0.0162441
9 0.00280355
10 -0.00427893
11 0.0150071
12 -0.00408593
13 0.0172559
14 0.00344283
15 -0.00695494
16 0.00421475
17 0.0124525
18 0.0161784
19 -0.0463477
20 -0.010207
21 -0.0174327
22 0.0260132
23 0.0256169
24 -0.0381359
25 -0.00790053
26 0.0188479
27 -0.00907007
28 -0.0293398
29 -0.0380295
30 0.0196244
31 0.0716434
32 0.0212747
33 -0.009154
34 -0.0566955
35 -0.0188549
36 0.00828413
37 -0.0131807
38 -0.0115242
39 -0.0429466
40 0.0336436
41 0.0358769
42 -0.0205772
43 -0.0130858
44 -0.00302312
45 0.0058218
46 -0.0233245
47 -0.0404365
48 -0.0250381
49 -0.0094604
50 -0.00593201
51 -0.0120213
52 0.00202693
53 -0.00847924
54 -0.00479193
55 -0.0642845
56 -0.0537298
57 -0.0431325
58 -0.0251999
59 0.0151937
60 0.0124349
61 -0.0160736
62 -0.056375
63 -0.0155155
64 -0.0302262
65 -0.052695
66 -0.036368
67 -0.00739458
68 -0.000919311
69 -0.0128203
70 0.0231522
71 0.0492334
72 0.0303822
73 0.0347763
74 -0.0143166
75 -0.0301495
76 -0.0159582
77 0.00424051
78 0.0285493
79 -0.0259086
80 -0.0401002
81 -0.030168
82 -0.0150447
83 -0.0315711
84 -0.0621923
85 -0.0607762
86 -0.0525937
87 0.0478125
88 0.0150922
89 -0.0204837
90 -0.0548576
91 -0.0114505
92 0.0147853
93 -0.00411017
94 0.00326237
95 0.00977525
96 0.0270242
97 -0.00146361
98 0.000160029
99 0.0188075
100 0.0287817
