1.55943 0.00015
1.58926 0.00025
1.60417 0.00035
1.61909 0.0004
1.634 0.00055
1.64892 0.0009
1.66383 0.0012
1.67875 0.00265
1.69366 0.0032
1.70858 0.00545
1.7235 0.0065
1.73841 0.0087
1.75333 0.01185
1.76824 0.0156
1.78316 0.01975
1.79807 0.0269
1.81299 0.03065
1.8279 0.03345
1.84282 0.0378
1.85773 0.0464
1.87265 0.0496
1.88756 0.05115
1.90248 0.05275
1.91739 0.05965
1.93231 0.06075
1.94722 0.0584
1.96214 0.05775
1.97705 0.0533
1.99197 0.04905
2.00688 0.0464
2.0218 0.0411
2.03671 0.0353
2.05163 0.02795
2.06654 0.0244
2.08146 0.0194
2.09637 0.0168
2.11129 0.01305
2.1262 0.0092
2.14112 0.0066
2.15603 0.00415
2.17095 0.0035
2.18586 0.00205
2.20078 0.00205
2.21569 0.00115
2.23061 0.0008
2.24552 0.0002
2.26044 0.00055
2.27535 0.0001
2.29027 0.00015
