2.62474 5e-05
2.63254 5e-05
2.64814 5e-05
2.65594 5e-05
2.66374 0.0001
2.67155 0.00025
2.67935 0.00015
2.68715 0.00015
2.69495 0.00025
2.70275 0.00055
2.71055 0.00055
2.71836 0.0007
2.72616 0.00075
2.73396 0.0008
2.74176 0.00085
2.74956 0.0012
2.75736 0.00165
2.76517 0.00215
2.77297 0.00265
2.78077 0.00305
2.78857 0.00385
2.79637 0.00415
2.80417 0.00435
2.81198 0.00535
2.81978 0.00595
2.82758 0.00715
2.83538 0.0073
2.84318 0.0092
2.85098 0.0087
2.85879 0.01175
2.86659 0.0129
2.87439 0.0141
2.88219 0.01665
2.88999 0.0185
2.89779 0.01895
2.90559 0.0208
2.9134 0.0218
2.9212 0.0242
2.929 0.0223
2.9368 0.02485
2.9446 0.0247
2.9524 0.0269
2.96021 0.03165
2.96801 0.0277
2.97581 0.0307
2.98361 0.0295
2.99141 0.0312
2.99921 0.0332
3.00702 0.0309
3.01482 0.03075
3.02262 0.031
3.03042 0.0292
3.03822 0.0297
3.04602 0.02745
3.05383 0.02685
3.06163 0.02545
3.06943 0.0233
3.07723 0.02465
3.08503 0.01995
3.09283 0.01985
3.10064 0.0193
3.10844 0.0176
3.11624 0.01525
3.12404 0.0143
3.13184 0.0121
3.13964 0.01215
3.14745 0.0114
3.15525 0.009
3.16305 0.00865
3.17085 0.00625
3.17865 0.0063
3.18645 0.005
3.19425 0.0051
3.20206 0.00405
3.20986 0.00455
3.21766 0.0028
3.22546 0.00235
3.23326 0.0021
3.24106 0.00115
3.24887 0.00145
3.25667 0.0011
3.26447 0.00095
3.27227 0.0006
3.28007 0.0007
3.28787 0.00055
3.29568 0.0006
3.30348 0.00015
3.31128 0.00025
3.31908 0.0001
3.32688 0.0002
3.33468 5e-05
3.34249 0.0001
3.35029 0.00025
3.35809 5e-05
3.3971 0.0001
