1.599 0.0005
1.65846 0.0005
1.67333 0.0005
1.70306 0.0005
1.71792 0.001
1.73279 0.0005
1.74765 0.003
1.76252 0.004
1.77739 0.004
1.79225 0.0065
1.80712 0.009
1.82198 0.013
1.83685 0.0225
1.85171 0.0165
1.86658 0.0235
1.88145 0.0265
1.89631 0.0265
1.91118 0.046
1.92604 0.039
1.94091 0.0415
1.95578 0.059
1.97064 0.052
1.98551 0.0595
2.00037 0.0655
2.01524 0.062
2.0301 0.0535
2.04497 0.0585
2.05984 0.0535
2.0747 0.0435
2.08957 0.0405
2.10443 0.0315
2.1193 0.031
2.13417 0.021
2.14903 0.023
2.1639 0.014
2.17876 0.009
2.19363 0.0115
2.20849 0.005
2.22336 0.0045
2.23823 0.005
2.25309 0.006
2.26796 0.003
2.28282 0.001
2.29769 0.0015
2.32742 0.0005
