4.58174 5e-05
4.59915 5e-05
4.61657 0.0001
4.62528 5e-05
4.6514 0.0001
4.66011 5e-05
4.66881 0.00015
4.67752 0.0002
4.68623 5e-05
4.69494 0.0007
4.70364 0.00035
4.71235 0.0008
4.72106 0.0007
4.72977 0.0011
4.73848 0.00115
4.74718 0.0016
4.75589 0.00185
4.7646 0.0024
4.77331 0.0023
4.78201 0.0036
4.79072 0.0039
4.79943 0.0041
4.80814 0.00485
4.81685 0.00695
4.82555 0.0087
4.83426 0.0088
4.84297 0.0114
4.85168 0.0114
4.86038 0.0135
4.86909 0.0143
4.8778 0.0152
4.88651 0.0191
4.89522 0.0211
4.90392 0.0218
4.91263 0.0247
4.92134 0.02425
4.93005 0.0285
4.93875 0.0282
4.94746 0.03095
4.95617 0.0311
4.96488 0.0318
4.97358 0.0329
4.98229 0.03585
4.991 0.0343
4.99971 0.0339
5.00842 0.03625
5.01712 0.0343
5.02583 0.03265
5.03454 0.03455
5.04325 0.0338
5.05195 0.02965
5.06066 0.02795
5.06937 0.027
5.07808 0.02535
5.08679 0.0217
5.09549 0.0229
5.1042 0.02125
5.11291 0.01735
5.12162 0.01545
5.13032 0.0143
5.13903 0.0148
5.14774 0.00945
5.15645 0.01025
5.16516 0.0089
5.17386 0.0068
5.18257 0.0065
5.19128 0.0056
5.19999 0.0052
5.20869 0.00365
5.2174 0.00255
5.22611 0.0029
5.23482 0.00205
5.24352 0.00205
5.25223 0.00125
5.26094 0.00075
5.26965 0.00085
5.27836 0.00085
5.28706 0.0003
5.29577 0.00045
5.30448 0.0004
5.31319 0.00025
5.32189 0.0002
5.3306 0.0001
5.33931 0.0001
5.34802 5e-05
5.35673 0.00015
5.37414 0.0001
5.39156 0.0001
5.4438 5e-05
