1.63861 0.005
1.66731 0.005
1.68166 0.005
1.69601 0.01
1.71036 0.015
1.72471 0.015
1.73906 0.04
1.75341 0.02
1.76776 0.04
1.78211 0.065
1.79646 0.085
1.8108 0.105
1.82515 0.14
1.8395 0.14
1.85385 0.215
1.8682 0.235
1.88255 0.315
1.8969 0.345
1.91125 0.46
1.9256 0.39
1.93995 0.445
1.9543 0.54
1.96865 0.565
1.983 0.455
1.99735 0.495
2.01169 0.73
2.02604 0.475
2.04039 0.55
2.05474 0.475
2.06909 0.485
2.08344 0.335
2.09779 0.27
2.11214 0.3
2.12649 0.285
2.14084 0.235
2.15519 0.195
2.16954 0.12
2.18389 0.14
2.19823 0.08
2.21258 0.065
2.22693 0.04
2.24128 0.015
2.25563 0.015
2.26998 0.01
2.28433 0.02
2.29868 0.005
2.34173 0.005
