5.66074 0.0005
5.69119 0.0005
5.72165 0.0025
5.73688 0.0015
5.75211 0.002
5.76733 0.006
5.78256 0.006
5.79779 0.007
5.81302 0.01
5.82825 0.017
5.84347 0.018
5.8587 0.0215
5.87393 0.0275
5.88916 0.027
5.90439 0.0435
5.91962 0.0435
5.93484 0.0485
5.95007 0.063
5.9653 0.053
5.98053 0.061
5.99576 0.061
6.01098 0.0615
6.02621 0.048
6.04144 0.0625
6.05667 0.052
6.0719 0.0445
6.08713 0.0405
6.10235 0.0315
6.11758 0.019
6.13281 0.034
6.14804 0.027
6.16327 0.015
6.17849 0.0105
6.19372 0.0085
6.20895 0.007
6.22418 0.0045
6.23941 0.005
6.25464 0.0025
6.26986 0.0025
6.28509 0.0015
6.30032 0.0005
6.31555 0.0005
6.37646 0.0005
6.40692 0.0005
