1.62038 0.00015
1.63611 5e-05
1.64397 0.00015
1.6597 0.0002
1.66756 0.0001
1.67542 0.0003
1.68329 5e-05
1.69115 0.00055
1.69901 0.00045
1.70688 0.00055
1.71474 0.0005
1.7226 0.0007
1.73047 0.00115
1.73833 0.001
1.74619 0.0017
1.75406 0.001
1.76192 0.0022
1.76978 0.00255
1.77765 0.00285
1.78551 0.00335
1.79337 0.00395
1.80124 0.0043
1.8091 0.0051
1.81696 0.006
1.82483 0.00715
1.83269 0.0065
1.84055 0.0085
1.84842 0.011
1.85628 0.0105
1.86414 0.01235
1.87201 0.0135
1.87987 0.015
1.88773 0.0158
1.8956 0.01795
1.90346 0.0193
1.91133 0.02135
1.91919 0.02335
1.92705 0.0243
1.93492 0.0255
1.94278 0.02605
1.95064 0.02965
1.95851 0.02595
1.96637 0.02985
1.97423 0.0309
1.9821 0.02955
1.98996 0.03
1.99782 0.03205
2.00569 0.0328
2.01355 0.03015
2.02141 0.0312
2.02928 0.0303
2.03714 0.0312
2.045 0.02895
2.05287 0.02585
2.06073 0.0238
2.06859 0.0226
2.07646 0.02405
2.08432 0.02255
2.09218 0.02055
2.10005 0.0179
2.10791 0.01755
2.11577 0.01635
2.12364 0.0161
2.1315 0.01415
2.13936 0.01275
2.14723 0.01095
2.15509 0.00865
2.16295 0.0093
2.17082 0.00665
2.17868 0.00675
2.18655 0.00515
2.19441 0.0047
2.20227 0.0038
2.21014 0.00355
2.218 0.0032
2.22586 0.00235
2.23373 0.0023
2.24159 0.00155
2.24945 0.00155
2.25732 0.0015
2.26518 0.00105
2.27304 0.00055
2.28091 0.0007
2.28877 0.0003
2.29663 0.00035
2.3045 0.0003
2.31236 0.00015
2.32022 0.0002
2.32809 0.0001
2.33595 0.00015
2.35168 5e-05
2.35954 0.00015
2.3674 5e-05
2.38313 0.0001
2.39099 5e-05
2.39886 5e-05
