0.0111418 0.00169492
0.275122 0.00169492
0.539102 0.00169492
0.781084 0.00169492
1.11106 0.00169492
1.30904 0.00338983
1.50703 0.00169492
1.52903 0.00169492
1.55103 0.00169492
1.66102 0.00338983
1.68302 0.00169492
1.72701 0.00847458
1.74901 0.0220339
1.77101 0.0271186
1.79301 0.0508475
1.81501 0.0559322
1.837 0.0474576
1.859 0.0610169
1.881 0.0847458
1.903 0.0728814
1.925 0.0457627
1.947 0.0864407
1.96899 0.10678
1.99099 0.105085
2.01299 0.0661017
2.03499 0.020339
2.05699 0.0271186
2.07899 0.0288136
2.10098 0.0186441
2.12298 0.0186441
2.14498 0.0135593
2.16698 0.00508475
2.18898 0.00508475
