0.520426 0.00168634
0.949953 0.00168634
0.957624 0.00168634
0.965294 0.00337268
0.980634 0.010118
0.988304 0.010118
0.995974 0.0134907
1.00364 0.0252951
1.01131 0.0387858
1.01898 0.0522766
1.02665 0.0522766
1.03432 0.0927487
1.042 0.0910624
1.04967 0.0826307
1.05734 0.102867
1.06501 0.0961214
1.07268 0.0826307
1.08035 0.0573356
1.08802 0.0455312
1.09569 0.0455312
1.10336 0.0303541
1.11103 0.0168634
1.1187 0.0134907
1.12637 0.0118044
1.13404 0.00168634
1.14171 0.010118
1.17239 0.00168634
1.18006 0.00168634
1.21841 0.00168634
1.25676 0.00168634
1.27977 0.00168634
