1.32467 0.00168634
1.92376 0.00168634
2.74253 0.00505902
2.78247 0.00168634
2.80244 0.00505902
2.82241 0.00674536
2.84238 0.00505902
2.86235 0.0134907
2.88232 0.010118
2.90229 0.0168634
2.92226 0.0438449
2.94223 0.0556492
2.9622 0.0623946
2.98217 0.06914
3.00214 0.084317
3.0221 0.0876897
3.04207 0.0809444
3.06204 0.0826307
3.08201 0.084317
3.10198 0.0758853
3.12195 0.0438449
3.14192 0.0455312
3.16189 0.0320405
3.18186 0.0202361
3.20183 0.0269815
3.2218 0.010118
3.24177 0.0134907
3.26174 0.00505902
3.28171 0.00674536
3.30168 0.00168634
