1.61284
1.94065
1.88026
1.93229
1.86467
1.88773
1.90288
1.86534
1.9685
1.9503
1.79098
1.88416
1.9555
1.7739
1.86792
1.96798
1.84409
2.06598
2.13048
1.90136
1.96088
1.95335
1.80871
1.84577
1.90487
1.93844
2.07272
1.86353
1.92611
1.92454
1.80601
2.01718
2.00687
1.89085
1.8835
1.88847
1.78433
1.89547
2.08938
1.95618
2.1265
1.94574
1.91259
2.03353
1.89187
1.90324
1.95981
1.93652
1.81951
1.89824
1.95574
1.87309
1.88916
1.8691
1.91891
2.00521
1.85794
1.9751
2.00931
1.96983
1.99263
1.83676
1.97103
1.94802
1.91925
1.997
1.95833
2.07125
1.94921
1.82554
1.90979
2.01638
1.9232
1.80082
1.93404
1.80933
1.80625
1.85122
1.89862
1.85909
2.01996
1.88489
1.85069
1.83415
2.02357
1.8919
1.90849
2.00203
1.85986
1.87548
2.01237
2.07519
1.93657
1.86866
1.92847
1.83999
2.09176
1.93614
2.03844
1.99547
1.9649
1.85086
1.97297
1.82601
1.89832
1.90696
1.93223
1.79176
1.92702
1.89057
2.02344
2.00798
1.93335
2.03788
1.81907
2.04618
1.94989
2.09966
1.9321
2.05306
1.8759
1.84811
1.96583
1.89039
1.69552
1.81066
1.84669
1.84205
1.83229
1.94142
1.84638
1.92895
1.96375
1.85635
1.963
2.09589
1.96313
1.90693
1.81524
1.95865
1.98965
1.88736
1.74753
1.85399
2.02966
1.89485
1.89874
2.03614
2.05887
1.98254
1.95784
1.97736
1.9519
1.80521
1.84441
2.0102
2.02113
2.00834
1.94172
1.9004
1.98081
1.9453
1.87887
1.92271
1.99383
1.89565
1.96802
2.02611
1.9291
1.89059
1.88246
2.0353
2.07139
1.86361
1.94826
2.00297
1.96924
2.0079
2.00962
1.85639
1.90744
1.89167
2.0419
1.91453
1.98305
1.93522
1.91823
2.0633
1.86523
1.90425
1.88504
1.99696
1.96871
1.79771
1.93533
1.88614
2.02468
1.9285
1.94337
1.97249
1.80493
1.85882
1.81734
1.93229
1.90134
1.82064
1.96595
1.86534
1.92067
1.9503
1.87844
1.90302
1.91568
1.81979
2.02989
1.89255
1.80471
2.12553
2.06578
1.89991
1.96088
1.90731
1.90936
1.91699
1.92724
2.04312
2.07099
1.86313
1.92611
1.92454
1.98622
1.99218
2.11513
1.85789
1.8835
1.79377
1.80162
1.91762
2.00987
1.933
1.97788
1.9634
1.84035
1.97444
1.91757
1.82622
1.89772
1.91667
1.95505
1.93764
1.89794
1.88013
1.93221
1.97076
1.98268
2.0332
2.00275
1.9906
1.90957
1.99023
1.99263
1.91487
1.86093
1.81461
2.00989
1.93704
1.98858
1.76486
1.98563
1.85425
1.90979
1.98498
2.02413
2.06461
1.96581
1.76611
1.9217
1.84379
1.75781
1.93225
2.01996
1.96983
2.07838
1.83527
2.02357
1.98158
1.81917
1.8452
1.85986
1.93696
2.02379
1.87236
1.91958
1.93488
1.91453
1.99621
2.05407
1.7809
1.87518
1.96663
1.9649
1.73728
1.95032
2.08675
1.80609
1.92718
1.83
1.84489
1.89012
1.92772
2.08294
1.90901
1.88389
2.04352
1.8369
2.05711
2.00811
1.70669
1.85818
2.03777
1.95638
1.84811
1.87625
1.99207
1.75475
1.75944
2.00902
1.88531
1.91913
1.99865
2.04899
2.01043
1.99849
1.89843
1.97952
2.07054
2.05925
1.79694
1.85264
1.98761
1.87072
1.87661
1.94248
1.922
2.02041
1.81967
1.85107
1.96587
2.04072
1.88126
1.87582
1.96756
1.86139
1.80521
2.00407
1.88968
1.92658
2.04394
1.75379
1.98086
1.98002
1.91086
1.89531
1.94278
2.01788
1.90223
1.96802
1.91495
2.0087
1.97384
1.90473
1.86702
1.95996
1.86785
1.98662
1.88348
1.95705
1.95255
2.00962
1.89925
1.96395
1.87828
2.03102
1.95631
1.96243
1.98584
1.80006
1.85397
1.7834
1.95369
1.98675
1.94579
1.99495
1.81254
2.12589
1.92402
2.10002
1.95514
1.94943
1.96029
2.23299
1.96073
1.7763
1.93229
1.90134
1.81651
1.99492
1.86534
2.01687
1.97401
1.86941
1.89606
1.88946
1.82226
2.02118
1.89255
1.80471
2.13843
2.09862
1.96118
2.00592
2.00873
1.90936
1.95093
1.92724
2.04904
2.11557
1.86313
1.92611
1.92454
2.02298
1.89901
2.07432
1.85789
1.87666
1.84165
1.80162
2.0161
2.00987
1.80401
1.97788
1.9634
1.8376
1.97444
1.91757
1.84685
1.89772
1.83725
1.92709
1.94825
1.9053
1.88914
1.93218
1.97076
1.93654
2.13361
2.00769
1.82957
1.86238
2.03744
1.98484
1.91487
1.80372
1.81461
2.00986
1.97593
2.01117
1.76486
1.92412
1.82395
1.90979
1.98401
2.09173
2.01
1.96581
1.83562
1.9217
1.87564
2.0107
1.83454
2.01996
1.96983
2.07838
1.8492
2.02357
1.98158
1.9213
1.8452
2.1238
2.02843
2.02379
1.97169
1.89256
2.05139
1.91493
1.99621
2.12062
1.80206
1.96541
1.91099
1.88959
1.88946
1.96161
1.9326
1.80609
1.88977
1.83
1.8639
1.89012
1.83418
1.94676
2.0077
1.88389
1.94108
1.8369
2.09226
2.00811
1.63543
1.86096
2.03777
1.91295
1.84811
2.00886
1.99207
1.79382
1.82726
2.00902
1.88531
1.91913
1.99865
2.08219
1.92285
1.97867
1.90683
1.85278
2.07054
2.05925
2.11288
1.81276
1.94419
1.82253
1.97038
1.94248
1.83708
1.95423
1.81967
1.85107
1.96297
1.97854
1.86052
1.94563
1.9769
1.88125
1.81787
2.07144
1.88968
1.92658
2.03443
2.11836
1.98086
1.99275
1.93249
1.88217
1.94278
1.80645
1.79819
1.92773
1.91495
2.00002
1.97384
1.87307
1.86162
2.02185
1.90569
1.98315
1.88348
1.85623
1.95787
1.90089
1.89925
1.94911
1.92724
1.99553
1.92092
1.90489
1.99876
1.72698
1.89332
1.78032
1.95369
1.96951
1.97903
1.98643
1.80607
2.09063
2.01871
2.10701
1.95514
2.08022
1.99757
