1.31648
3.83178
2.99563
2.99734
2.95367
2.99568
3.0164
3.10057
3.05994
3.04123
3.03964
2.9678
2.98983
3.07101
3.11357
3.04293
3.01951
3.05135
3.09148
3.02357
3.07589
3.02708
3.04353
3.04537
3.07094
3.05084
3.07746
3.07709
3.11997
2.94704
3.05436
3.0105
3.09061
3.0977
3.0072
3.07259
3.05257
3.02408
3.04808
3.07545
3.09675
3.10575
3.07229
3.00403
2.93876
3.02302
3.07514
3.08328
3.04477
3.03187
3.01222
3.0643
3.03456
2.96675
3.08814
2.98872
3.05978
3.09579
3.10282
2.9532
2.98896
3.01218
3.06463
3.09633
3.02617
2.99685
3.02596
3.07337
3.0662
2.99287
3.01293
3.07217
3.03221
3.03255
3.06751
3.06412
2.99389
2.9987
3.07439
3.09341
3.01523
3.02725
2.98105
3.06723
3.08269
3.04704
3.03889
3.00915
3.08039
3.09683
2.98827
3.07233
3.14442
3.02217
3.08707
3.07596
3.01082
3.00244
3.11867
3.00898
3.0742
2.99702
3.02922
3.06436
3.05476
2.97352
2.99741
2.98317
3.07835
3.02195
2.95113
3.03089
3.0513
3.07568
3.08013
3.04171
3.06893
3.0518
3.06077
3.04401
2.98334
3.06264
3.06761
3.028
3.10825
3.05442
3.10676
3.03406
3.06981
2.98541
3.01146
3.05862
2.98578
3.01074
3.04019
3.15521
3.08926
3.023
3.0295
3.11373
3.10031
3.09077
2.90598
2.8878
3.02865
3.0072
3.02063
3.09115
3.00204
3.02738
3.05174
3.05394
3.05367
3.05696
3.1117
3.10037
3.12974
3.02562
2.99481
3.06844
3.11715
3.09333
3.0369
3.0764
3.00341
3.05066
3.05792
3.04401
3.10998
3.04311
3.02156
3.00986
3.03476
3.05386
3.0696
3.03544
2.98361
3.02062
3.0213
3.03708
3.10642
3.05847
3.07741
2.96569
3.07095
3.07534
3.03558
3.06553
3.04268
3.13224
3.01259
2.99725
3.0238
3.04425
3.0657
3.07208
3.02897
3.07775
3.03198
2.99524
3.75435
3.0119
3.02121
2.96103
3.00215
2.9992
3.08926
3.06386
3.05455
3.0369
2.98152
3.00039
3.03434
3.07952
3.02604
3.02252
3.04179
3.10252
3.04291
3.08118
3.03616
3.04632
3.06205
3.05502
3.06684
3.07991
3.0744
3.11755
2.95492
3.05084
3.01213
3.09387
3.09541
3.01979
3.07179
3.03632
3.03468
3.04072
3.06716
3.0976
3.10549
3.06881
2.99833
2.93015
3.07314
3.09177
3.07163
3.0442
3.03164
3.01161
3.04566
3.0108
2.98858
3.06092
2.98931
3.06055
3.10231
3.09014
2.95422
3.00823
3.0159
3.05365
3.09597
3.00794
2.97973
3.03749
3.10726
3.07155
2.97886
3.00005
3.08952
3.03346
3.02446
3.08004
3.06346
2.98733
2.987
3.06966
3.09451
3.01801
3.05826
2.98805
3.02397
3.08629
3.04188
3.04554
3.00539
3.06944
3.09806
3.0041
3.06466
3.07561
3.02012
3.0844
3.07958
3.00334
2.98833
3.12129
3.00696
3.09642
3.01694
3.02727
3.05561
3.06339
2.97902
2.99439
2.96791
3.08694
3.03477
2.95426
3.04934
3.03647
3.08434
3.05536
3.06597
3.06838
3.06558
3.0843
3.04228
2.98181
3.04562
3.06674
3.02063
3.10832
3.05168
3.10747
3.04416
3.05429
2.98561
3.03083
3.0508
2.98079
3.00861
3.01438
3.14372
3.08398
3.00658
3.02176
3.10289
3.13233
3.08572
2.90323
2.88849
3.05181
3.00507
3.04169
3.08463
2.98962
3.03805
3.05017
3.05183
3.05756
3.06273
3.11038
3.0611
3.12963
3.03254
2.98433
3.07618
3.12422
3.07256
3.03032
3.07629
3.01667
3.06473
3.0712
3.04024
3.1034
3.03426
3.02065
3.02434
3.0125
3.06305
3.0761
3.02586
2.97989
2.99237
3.04447
3.03703
3.11336
3.05316
3.04787
2.9665
3.06694
3.08445
3.03472
3.04087
3.04305
3.13533
3.01663
3.09951
3.01106
3.02797
3.06366
3.05717
3.05034
3.07353
3.01177
2.99929
3.77018
3.01635
3.00923
2.95559
3.00747
3.01143
3.06207
3.05642
3.05456
3.0204
2.9893
2.99579
3.029
3.08857
3.01787
2.98508
3.02222
3.08479
2.99612
3.09604
3.05707
3.05929
3.02128
3.04781
3.04963
3.04665
3.07227
3.11774
2.95313
3.05057
3.01546
3.07666
3.09295
3.01359
3.06604
3.05777
3.02757
3.04775
3.0809
3.09147
3.1151
3.07774
3.00545
2.92585
3.04624
3.06239
3.02299
3.01917
3.03766
3.01973
3.05295
3.01517
2.98767
3.05446
2.99319
3.05423
3.09917
3.09148
2.95606
3.00978
3.02508
3.05937
3.1251
3.00586
2.99526
3.03137
3.10938
3.00633
3.0103
3.01812
3.07298
3.06381
3.03508
3.0318
3.05021
2.9702
2.97898
3.06998
3.09668
3.04251
3.06981
2.98934
3.05365
3.08268
3.01212
3.03327
3.00338
3.06298
3.11454
3.01319
3.02974
3.08392
3.06755
3.0825
3.08058
3.04373
2.99333
3.11567
2.9997
3.06085
3.01968
2.98693
3.06131
3.01551
2.98732
3.00341
2.9737
3.12267
3.05873
2.93553
3.07845
3.07792
3.07245
3.05712
3.0482
3.06057
3.09126
3.06552
3.0662
2.99112
3.05275
3.05031
2.99527
3.10164
3.05371
3.11305
3.03997
3.03829
3.01646
3.06332
3.04809
3.01232
3.03027
3.04081
3.09823
3.10825
2.99146
3.0243
3.11286
3.14444
3.09505
2.90436
3.03346
2.99776
2.98829
3.05436
3.10058
3.00927
3.03615
3.04236
3.03509
3.04668
3.07232
3.10835
3.06703
3.09995
3.04127
2.99065
3.08231
3.10803
3.07457
3.06354
3.11361
3.02364
3.0537
3.0926
3.02931
3.08329
3.04153
3.03978
3.0326
2.99054
3.03097
3.09226
3.014
2.99768
3.00776
3.05367
3.0395
3.03212
3.05696
3.0562
2.97547
3.04519
3.05701
3.02494
2.97905
3.0438
3.07035
3.00087
3.10139
3.02422
3.04755
3.07608
2.97068
3.00341
3.08345
3.02253
2.96794
