2.51915
2.68464
2.87843
2.60981
2.72608
2.96018
2.7113
2.62028
2.99337
2.73537
2.68181
2.67088
2.78761
2.73947
2.69654
2.86801
2.77829
2.7109
2.80628
2.73865
2.66437
2.87423
2.69811
2.72338
2.83349
2.79286
2.75229
2.5682
2.83547
2.77648
2.8728
2.65366
2.8227
2.76214
2.80036
2.72977
3.00062
2.78633
2.66696
2.73264
2.92632
2.6143
2.66955
2.85783
2.74647
2.81963
2.87466
2.83887
2.71961
2.73496
2.70776
2.72131
2.83274
2.74252
2.86494
2.79693
2.79399
2.63687
2.7596
2.77041
2.85963
2.72493
2.74977
2.62528
2.7701
2.66486
2.77802
2.83422
2.97345
2.70066
2.73761
2.7652
2.71469
2.68975
2.77873
2.72822
2.79447
2.67122
2.58731
2.87626
2.76197
2.73183
2.86546
2.68626
2.81713
2.67036
2.82884
2.91878
2.7889
2.89192
2.71255
2.72865
2.72804
2.74952
2.6365
3.01255
2.65234
2.73965
2.8887
2.97975
2.88651
2.72715
2.70941
2.79881
2.83931
2.68664
2.70515
2.6623
2.70932
2.50869
2.88235
2.7173
2.73908
2.75958
2.6957
2.8261
2.72622
2.98669
2.84866
2.76445
2.7073
2.82283
2.7755
2.85309
2.82854
2.68627
2.60197
2.80136
2.74352
2.80176
2.776
2.66485
2.80619
2.77267
2.72168
2.71408
2.6841
2.87647
2.77135
2.89142
2.89972
2.70469
2.78129
2.70575
2.78685
2.87784
2.80394
2.94115
2.77524
2.86517
2.72557
2.61466
2.73208
2.70653
2.73091
3.08331
2.63654
2.93612
2.9171
2.66723
2.75529
2.75854
2.80853
2.78742
2.80369
2.77101
2.61511
2.87038
2.8335
2.87911
2.67817
2.72675
2.59926
2.86568
2.8907
2.75655
2.87773
2.89107
2.75818
2.88297
2.8379
2.66237
2.70176
2.9952
2.65103
2.75993
2.93371
2.97059
2.79458
2.75456
2.93077
2.7482
2.56593
2.82688
2.64136
2.73996
2.75736
2.70478
1.35664
2.41047
2.42195
2.73388
2.85666
2.68148
2.73268
2.82945
2.74951
3.04598
2.68325
2.76869
2.68818
2.83824
2.6945
2.71754
2.78934
2.74935
2.68289
2.80799
2.72333
2.88823
2.88797
2.63346
2.7528
2.68615
2.61129
2.78093
2.53011
2.69628
2.75619
2.74911
2.94119
2.78272
2.75768
2.67041
2.63794
2.73643
2.78172
2.87639
2.92909
2.75634
2.89004
2.64599
2.65984
2.76093
2.61439
2.78111
2.6472
2.72878
2.79693
2.78446
2.74378
2.50697
2.58567
2.83747
2.70951
2.57787
2.82692
2.8789
2.74677
2.8198
2.88194
2.90897
2.63463
2.91563
2.76354
2.66746
2.77719
2.58828
2.73209
2.86939
2.79849
2.77411
2.73039
2.7255
2.77554
2.74331
3.06002
2.74896
2.64783
2.80556
2.83852
2.93744
2.85387
2.63913
2.65462
2.79691
2.80344
2.80262
2.66136
2.63946
2.6876
2.78063
2.89198
2.85758
2.70729
2.66612
2.69486
2.85169
2.81678
2.83029
2.69688
2.76492
2.78842
2.82228
2.67923
2.77678
2.60064
2.85094
2.78565
2.64207
2.79853
2.77621
2.7957
2.7291
2.8969
2.79084
2.72587
2.55986
2.87941
2.57247
2.72076
2.76801
2.67603
2.85481
2.87539
2.86643
2.83116
2.84811
2.86654
2.61823
2.82138
2.8593
2.81935
2.68828
2.70682
2.69291
2.78022
2.72336
2.62918
2.70425
2.64333
2.69159
2.68528
2.83076
2.62096
2.72699
2.78087
2.55562
2.85825
2.81554
2.73693
2.68869
2.7315
2.99528
2.73812
2.62888
2.8672
2.82968
2.68805
2.8162
2.69213
2.71682
2.72902
2.75793
2.91064
2.78432
2.81165
2.71389
2.74492
2.88341
2.77466
2.93976
2.78979
2.69522
2.78784
2.81206
2.67994
2.53748
2.81614
2.81787
2.7445
2.79351
2.62405
2.75631
2.73082
2.91038
2.85384
2.64658
2.72518
2.72537
2.82095
2.78015
2.8818
2.82389
2.84995
2.69641
2.84556
2.80841
2.32723
2.59081
2.62487
2.73719
2.67517
2.78985
2.82769
2.74751
2.73806
2.70958
2.75332
2.9203
2.65788
2.78243
2.86481
2.82895
2.70882
2.64657
2.66392
2.7467
2.87144
2.79061
2.71772
2.74662
2.8103
2.80705
2.88264
2.76803
2.79357
2.71895
2.63194
2.69878
2.78679
2.67604
2.80173
2.80622
2.79999
2.68351
2.71191
2.81713
2.87004
2.84048
2.78706
2.7596
2.79425
2.78356
2.63863
2.72287
2.82264
2.65932
2.7143
2.66129
2.69687
2.66682
2.86889
2.75283
2.76573
2.64821
2.87814
2.89714
2.9472
2.62803
2.67457
2.86154
2.79593
2.67587
2.71423
2.88886
2.77134
2.76239
2.83632
2.66502
2.87707
2.73825
2.75718
2.70169
2.68463
2.86226
2.96906
2.89006
2.76124
2.62608
2.54558
2.92397
2.78575
2.85832
2.80487
2.85891
2.8213
2.75943
2.72921
2.67524
2.9183
2.63221
2.78673
2.79888
2.72642
2.72119
2.85955
2.70487
2.87501
2.8263
2.8503
2.79492
2.9103
2.73292
2.7325
2.66793
2.88324
2.75422
2.84448
2.71752
2.75087
2.8177
2.76027
2.79184
2.73815
3.03483
2.73554
2.82141
2.76169
2.95669
2.83469
2.83873
2.70369
2.82777
2.92979
2.74741
2.93373
2.74435
2.62759
2.91369
2.70557
2.70514
2.56867
2.95537
2.7633
2.66422
2.83313
3.01559
2.7796
2.80687
2.65308
2.73142
2.84261
2.75732
2.74407
2.71751
2.89293
2.77176
2.86732
2.71596
2.72315
2.79178
2.68214
3.02165
2.86011
2.82796
2.77541
2.78573
2.71318
2.67692
2.83313
2.71331
2.66512
2.80253
2.80642
2.86358
2.76204
2.66382
2.83381
2.60033
2.66574
2.75605
2.73683
2.80375
2.75225
2.60042
2.69097
2.86114
2.71594
2.80123
2.7121
2.78255
2.95735
2.73299
2.77656
2.61604
2.8115
2.89298
2.7619
2.86205
2.74453
2.68431
2.71235
2.768
2.91047
2.63245
2.72493
2.8744
